6404
5273
11497
7327
18964
12875
17603
11798
18352
11069
20479
15008
5391
14069
19266
30490
32297
28693
10476
16730
13585
6346
5510
26841
21541
4679
15892
16534
31182
30398
27891
25698
13076
15053
17667
29355
32082
26399
25821
17971
5562
16255
23080
21824
1029
8067
4565
31827
23945
3824
30497
23698
19264
7202
9901
28428
7160
32220
5531
5444
26901
8884
2126
2823
10586
6666
17281
6013
27394
1671
11212
8224
23896
27180
17125
480
23291
27048
26913
11412
20684
19543
10351
27270
15064
4582
18782
32536
20876
2626
15220
3174
20583
24917
25956
20893
14160
2209
11839
25744
19004
27508
22156
11326
21668
11886
3134
30040
5122
19021
11704
15079
26121
9065
32629
12610
2556
11513
19544
17891
1415
8395
14867
30473
12878
24537
23030
25520
2229
19308
19718
5679
1889
6691
8293
5020
3680
3
41
25028
15184
18827
6412
13180
20408
30281
26147
24191
15193
7523
29459
3728
27575
29013
14339
5581
468
17771
6984
13007
29766
19949
13447
11433
24372
4218
32074
9004
21909
135
16976
26917
13576
16472
10217
20065
28135
5950
5433
32657
12299
19875
16140
2492
21391
3676
25450
5504
11030
20647
21776
21054
13209
19256
8178
779
28379
14014
20397
7831
2981
8329
23415
14565
27894
21933
3829
18996
27673
11263
11945
5245
28153
19593
1292
11156
13415
9933
6823
7519
27744
22824
31020
4719
26850
2129
13451
16053
31393
310
12832
482
23125
14262
12855
25809
4375
18482
26729
27213
11011
1295
29206
9169
9036
823
23638
23077
26950
12604
4040
29170
30118
11852
14026
19483
22929
4371
20346
4581
5358
16904
23622
19017
7559
15051
1005
29752
11222
6660
20721
22872
21276
2423
2530
5019
22626
12333
12636
14384
12282
3681
19168
31186
29659
27735
26312
7689
3062
28245
13887
10904
7603
31738
3305
16626
11640
28399
18023
23945
6728
6604
22501
13916
6896
11733
16603
10644
32020
24961
5789
21401
15098
16067
12412
19289
31351
22487
7062
20441
27105
32205
21120
4300
4293
13442
7902
12494
25237
22978
23
7780
2923
23237
24619
23843
28629
21388
16981
50
1783
29453
1898
4028
8314
24304
192
2825
22598
13475
1295
15041
30200
5616
30924
28042
23349
11800
31813
28365
2057
18527
30074
29102
1266
26208
22050
11660
30742
19119
18079
9849
12332
22767
23919
27808
17165
24697
21079
10613
4479
32392
27113
24529
16325
30922
22516
7437
28252
13627
32644
20944
25205
15746
32447
27067
16469
12498
31078
18399
19175
21609
30548
28436
9928
23376
261
8156
19117
165
32488
2548
19894
11145
29249
10363
544
24624
7243
11996
6445
13274
25655
1397
26085
29138
15911
4219
9341
11417
16544
32236
22940
22754
8851
15698
5903
4763
9663
30940
27518
26322
10784
25398
18611
10030
23174
21264
94
19143
32526
19993
5734
11980
32417
14308
9975
20045
23598
7765
13373
17216
31952
1948
28238
25782
4724
12174
24525
25311
17891
5162
9383
11753
23779
6156
5913
3891
11471
31034
10545
10948
29010
4039
12185
14238
4339
31035
15925
15426
15157
25180
22854
10564
30811
26654
13350
19298
26285
1516
870
16613
11519
26367
14316
2166
10775
4228
6958
8238
23776
20990
20761
30282
12595
24025
7040
13936
20163
16602
27773
17687
14352
25373
14465
29218
20170
27873
24092
16862
31541
5450
22776
18047
25736
15314
3260
22289
31360
2222
8244
32657
23842
4010
9441
30097
16586
15242
8351
28471
15330
5156
3049
18790
5025
22228
18277
27180
9825
30246
5273
26480
4413
29294
18130
12816
26968
24039
14962
15473
31968
30552
29659
22736
28456
31972
2787
5340
15445
11112
26246
4031
2193
9336
29206
22615
21969
21514
9475
5169
20763
29059
10536
23641
30572
32510
29787
9067
9206
2407
8924
27226
25287
20153
6310
31211
1219
30006
29021
19394
22654
27214
31118
4203
12156
9331
11739
9869
6798
13550
12381
1522
7215
6928
30347
31242
1117
6834
16255
23003
30854
27479
24047
7983
27709
17147
3262
25663
14613
25240
11667
11489
13984
2395
452
15783
27567
964
2777
32248
22308
14815
6934
32276
1672
2051
18594
23277
16103
26619
21157
8579
22294
13568
22895
25050
29894
11074
8655
23270
3343
7087
20525
26692
1369
28947
29445
3476
9851
4808
15906
32252
20176
30608
25632
14190
22722
32739
17991
15431
32104
24284
485
4251
24110
25581
5870
4337
6159
19124
8707
10390
13499
3089
2907
13778
13783
2159
21444
14840
2281
19692
27371
16128
21519
23862
16869
25083
27017
20735
22774
8077
4736
19530
16832
18117
20564
4246
4109
30471
2988
28989
2265
12272
3228
4494
8105
16225
18769
10570
29525
31237
5492
10151
8073
31566
4784
2162
7201
30516
13871
27456
398
28251
29795
13882
18057
29082
30294
17797
19037
29838
27714
11225
2901
7995
14472
1473
7952
9167
17779
22828
12137
26822
23607
16614
1006
17117
3642
8713
11040
6169
22842
14833
12727
11645
18362
11714
23794
28389
18418
9122
9429
17942
8989
1386
14856
7324
8046
7872
4330
6652
11681
31071
31809
25720
13973
10958
6348
12792
18001
16978
22915
20099
15888
23630
16877
27973
1148
12599
20859
2405
28969
28468
31655
16473
24359
21570
32143
26839
6993
5171
25946
20904
10838
17035
831
29041
27970
24599
20934
17576
6907
5967
309
26325
25103
5417
24575
4571
1119
10067
25256
18911
8097
23048
7354
12020
28657
5004
9447
26372
3810
22464
19297
9665
24245
774
22452
12148
5066
23282
7803
17211
11663
11803
15513
536
6388
1714
23039
17975
27926
31575
23400
14312
6587
7085
19750
19420
5075
21519
22063
25468
6362
12904
8867
22816
7488
29771
10870
21070
9365
30203
29742
19728
29377
8006
25288
2174
23388
6561
15500
17589
27001
18376
15133
16241
26856
30346
2435
12922
2055
10707
31399
8395
10383
28187
28782
25972
24081
1916
14610
31483
13920
4369
4598
22594
32540
20489
9246
21709
9278
5023
1878
25271
1178
16206
25468
10209
23714
28235
11979
26300
24060
3115
31833
2965
6047
6745
29047
1266
29331
26319
20600
9725
22558
15552
9962
31084
17203
9484
29620
500
29871
23973
15945
29001
19269
19376
24615
20862
30239
18965
31538
18963
23875
32398
25281
16455
11558
16110
17490
2448
1929
2169
1273
15665
6462
392
